94%,0:05.54,262900
95%,0:05.51,257976
95%,0:05.61,266392
94%,0:05.54,271932
94%,0:05.55,255968
94%,0:05.48,251008
94%,0:05.51,261192
94%,0:05.55,258636
94%,0:05.53,255848
90%,0:05.43,250660
95%,0:05.43,263308
94%,0:05.49,252240
94%,0:05.54,258268
94%,0:05.52,255796
95%,0:05.46,254920
94%,0:05.54,252964
94%,0:05.52,254040
94%,0:05.47,250668
94%,0:05.51,256568
94%,0:05.50,269164
